64
0.23610246176 0.163994870659 0.0292583875776 0.202326222314 0.0703479201865 0.0369840093671 -0.237682652869 0.014775798177 -0.0268874111534 0.00966986928464 0.197631495703 0.230525706351 -0.250355928614 0.0208534154269 0.0100849826858 -0.0498100022903 -0.237692071907 -0.0782569913432 -0.213808508807 0.0180208431152 0.162597970548 -0.231354461987 -0.0765853720672 -0.166481896705 0.249338556366 0.251930494333 -0.135153331871 -0.0369828920865 0.00985055591333 -0.190318787354
-0.0587490208247 0.10751030017 -0.182378718486 -0.127898129603 -0.0216041877811 0.173547349176 0.079480467782 -0.163677336384 0.136618034094 -0.209716096519 0.230367358707 0.237808315983 -0.049523034452 0.0570729029929 -0.043226460396 0.0448649145471 -0.0129381758272 0.205486066558 0.0641349324155 0.192187410704 0.0397774839129 -0.0562057343448 -0.182691943656 0.192121197623 0.20771558002 0.244556265479 0.12041193885 0.110787158282 0.0998474396504 -0.0388136931258
-0.0814748077802 0.0110955436188 -0.0506989739364 -0.0997358725602 0.160751016123 0.0544134380802 0.0776879762002 0.179315544442 0.0433873808284 0.0214413050849 0.0735440912172 -0.162440701192 0.111209308389 -0.231462088858 0.168207842948 0.146117509265 -0.0236403086106 -0.0193777969992 0.0447265439645 -0.0394702866865 0.00479603330822 0.166339047258 0.206822427893 0.0185007272871 0.065878773068 -0.0588566236009 0.0322930498268 -0.0589833541009 0.0389486055193 -0.0883964704598
-0.140775043239 0.110983282917 0.0800534718885 -0.177662077367 0.0430387871355 -0.214044723098 0.0753471346944 -0.0540685668312 -0.166281894523 0.0736012614866 -0.065795817887 0.00975835120181 0.0743417842385 -0.11916874189 -0.234049035585 0.137569717946 0.0232681642275 0.114637199085 -0.178983130025 -0.0555772307648 0.104645186566 0.0109576668288 0.226834440498 -0.0927798316915 -0.0105063975357 0.0470332057201 -0.313234118153 -0.0758809479473 -0.189368234305 0.0955042154578
0.0326063516724 -0.0723359023603 -0.0015958678562 -0.155980615792 -0.101615604568 -0.22524194566 0.182861001141 -0.162902871407 -0.247897178276 -0.0711887828514 0.0782561914505 -0.184238252919 -0.0282782803283 0.0923713650135 -0.21449860274 0.0478556787168 -0.136254341351 -0.0286309425627 0.247803465729 -0.188257970759 0.0760588941137 -0.0458331599637 -0.0768185961344 0.0178925795151 0.117154132165 -0.0133512163325 0.0899901514847 -0.0757424311191 -0.169703611919 -0.230659973959
0.0865628052336 0.202285775557 -0.190501808277 0.168722977404 0.0739326643805 0.0529974072055 0.0299150964336 0.251497680351 -0.0794982575035 0.127753528469 0.190512703812 -0.0587384198378 -0.0899202964923 -0.0933306770581 -0.0812989462007 -0.0452874609555 -0.00353086566625 -0.252356330228 0.156314345225 0.172533284084 0.0688520213339 -0.028205238128 -0.0905156814644 0.144064953676 -0.159658389404 0.0674752041007 0.0556095805515 0.236026130981 -0.277494583869 -0.199337487582
-0.123142900715 -0.100608700058 0.0936966023035 0.132473650032 -0.229798941801 0.211459062683 0.0453530794374 0.0931509240241 -0.0274979054221 0.215227546734 -0.211619234229 0.179844057537 0.14017768791 0.21359189499 0.0432670246998 0.15067739944 0.106370647625 0.0763494527824 -0.0450853466135 0.254808257761 -0.0422250198929 -0.0392589962397 -0.0765331999256 -0.00168348159606 -0.0373800493363 -0.198675121579 -0.0284021644377 -0.154669481143 0.104623037591 -0.241593514421
-0.164379730452 -0.04821657298 -0.0815810173431 -0.229556216002 -0.11490382457 -0.133146904794 -0.124255893344 0.103387796881 -0.121710924997 -0.181779373645 0.0411387121308 0.15307844649 0.251850660148 -0.249409562633 -0.0247181131458 0.0234642899859 0.0650133620392 0.187540549061 -0.155880746596 -0.128850410551 -0.0716999057593 0.0353215273452 -0.123955151223 0.24051383182 0.115611659912 -0.186019222475 -0.000570541350653 0.185511250481 -0.140751317304 0.204247126986
-0.128092249984 -0.0509186867193 -0.23426647011 0.136068841986 0.130399603078 -0.217154724102 -0.0851627428399 -0.0581145379299 -0.146442410814 -0.149706068153 0.161144626615 0.0626429366621 -0.210360287843 -0.195885961617 0.135663163751 -0.160433839073 -0.114503038877 -0.0460292360613 0.188474532879 0.244298299358 -0.0872886005439 -0.181868861474 0.237100689376 0.141378997928 0.119525382488 0.0865923219487 -0.0256046958562 -0.0329065437815 0.15927220755 -0.128817543503
0.0107187919126 0.161105602955 -0.169117614078 -0.105170022718 -0.201221886275 0.014879442526 0.239001947075 0.15904780785 -0.13527184308 -0.0132193125017 0.0896574926962 -0.232543960693 -0.206182713571 0.19704012445 -0.0395825150281 -0.0481196285513 -0.00874396551047 -0.179626146418 0.119649317899 -0.201981927902 -0.0497582534969 0.0210953553404 0.201333353476 -0.122451573872 0.0194206484591 0.106302182943 -0.0296721098953 0.133672785909 -0.215126669029 0.183157427769
-0.0701295052882 -0.112281213618 0.0436097885226 -0.0843941022828 0.177034445111 0.0424172592794 -0.0380075397519 0.110574009143 -0.131766094761 -0.0360226261808 0.0476774630076 0.19402268605 -0.188281848153 -0.143818580048 0.0444884704012 -0.0732402885134 0.209745806828 0.22085371443 0.184976849449 0.119196302842 -0.0535654186519 0.163545797902 0.0204164697348 0.123458641017 -0.172603177993 0.149894473992 -0.356224745186 0.0451421169564 0.119284858673 -0.124737062996
-0.218736393734 0.207333668593 0.0863336452664 -0.13286761171 -0.0863737891636 -0.152222098439 0.22436117323 -0.0465943889534 -0.176469962356 0.0315570619154 -0.157102874131 -0.166135319382 -0.154760203062 -0.0992888405857 0.212328977304 -0.238358374598 0.0150142760754 0.242527616657 0.238292553366 0.00980940304501 0.000528324943987 -0.0577432860186 0.0963873372866 0.0835266480828 0.100523116427 0.0146529285025 -0.200464545142 0.131719447792 0.202092270778 0.0427363972709
0.254037933703 0.140438416976 0.13665624939 0.00565527844283 0.037364156566 -0.0818092094752 0.223072118151 0.23380126084 0.275630502004 0.0624248300817 -0.217542693231 0.204978470044 -0.0922445200566 0.0424714833269 -0.0681275116414 0.15324424004 0.0312287916327 0.220123141363 0.202267869848 -0.123954610776 0.0160510279665 0.0480801761764 0.129512207536 -0.140741338734 -0.259768776963 0.123491836692 -0.0576755903088 0.172583683707 0.108282027484 -0.29492805711
0.22454266332 0.215793625131 0.176911102012 -0.0909952732198 -0.00693922524646 -0.00462178222981 -0.00532782369448 -0.102891906204 0.0617981640287 -0.211502232458 0.0641534485821 -0.2101338784 0.183901055935 -0.0456077932496 0.140166554784 0.051972159914 0.150380561372 0.0553085612526 -0.0173321710656 -0.00210409364646 -0.0423478274671 0.0887397803984 0.151310198417 0.186724568669 -0.00142993590751 -0.102687909805 -0.0522148226293 0.233884760547 0.143382529697 0.167701285897
-0.0236999776836 -0.00997393153359 -0.147781167419 -0.222711107402 0.187384543984 0.0252822372569 0.172671369086 -0.0582321926539 0.161924909348 -0.0662468618108 0.000536041595216 -0.0822997257241 -0.210586568474 -0.0687430010852 0.0692292326292 -0.271152658881 0.0968069367271 0.147184161221 -0.154299849125 0.107171321421 0.0422349382678 -0.0395024534414 0.248046921967 0.155867458617 0.0143764093248 0.213589842401 -0.225856507822 0.169639016288 -0.152515427179 -0.158393717256
0.0224802758419 0.182733739016 0.0388015554993 -0.0376369608527 0.0918947341712 0.093834822354 0.157771945192 -0.111657221673 0.197222791316 -0.0348214736654 0.167906479636 0.130863222317 0.164579839377 0.142008410633 0.162941620661 -0.260552272999 0.193327364037 -0.164037539457 -0.170200669537 0.115914324376 -0.0549162849586 0.226426789866 0.0969808224267 0.237588546612 0.255269528631 0.248535019759 -0.12770863859 -0.148691157521 0.158389858862 0.0394835137072
0.0964523169276 -0.0574863906271 -0.200119351515 0.21551942632 -0.103849816804 0.0318155349456 0.0444016951373 -0.242549069862 0.125303262144 -0.106124421486 -0.155295725899 -0.0170216289574 0.24152862704 0.146267021494 -0.130111603811 -0.112885101648 -0.0621859608002 0.0970631470436 -0.248245877203 0.13832500057 -0.0776796663224 -0.0788088348336 -0.0733019801284 -0.0959271482295 -0.139030368609 -0.0998628547457 0.22677755506 0.226836556178 -0.103988860494 -0.0641626151682
0.134567904221 -0.139757073645 0.114685579212 -0.231705381261 -0.181497146469 -0.223015040765 -0.105050313653 0.178489608362 0.166897295226 0.136837534924 0.0267402308791 0.119382490494 -0.123090427476 -0.108079933937 -0.149424815744 -0.0869530145318 -0.204655809761 -0.196914570084 0.12866350822 0.0448850892937 -0.162595911098 -0.168305417022 0.133074576986 -0.0422405433085 -0.0895595408477 0.176975894691 0.115549179351 0.0328050286526 0.0616395781676 0.191590494439
0.0671376192563 0.0961684359726 -0.286172586598 0.0220946648932 0.176974324263 -0.132657727466 -0.139563872021 -0.107855313013 0.096279464876 -0.0513323511427 -0.0600399784703 -0.0522844772174 -0.154673942173 0.144638110934 -0.141589883539 0.196872708095 -0.162701753645 0.138351235106 0.234337492762 0.121943658359 -0.195385061709 0.201821310217 0.0224091332834 0.231284781699 -0.214463733123 0.173103385327 0.0556792777214 0.0786990506135 0.220915743718 0.00770717059645
-0.0705823230034 -0.155259142315 0.180136723665 0.125480871614 0.0450367097649 -0.177098856924 0.0464255117547 0.0750179046687 0.0899208375786 -0.144538501296 0.171760787333 0.136094407906 -0.271329414054 0.171921811838 -0.150835680463 0.126077575153 -0.022375157737 -0.134104258528 -0.196997246845 -0.151382486003 -0.30869264646 -0.20329554225 0.0470565870593 0.0913085899722 0.106213309242 -0.0632437276529 0.415632461217 -0.0161891876186 0.0408952550665 0.108591356466
0.312135461304 0.205755016186 0.0520462112531 0.167208183684 -0.134413298926 0.204353035266 0.183432917669 -0.178462046758 0.0309845212831 -0.298318832999 0.0974639973955 -0.252865374491 0.12611362412 0.107794912393 0.205257448909 -0.255781397375 0.155475312703 0.119694094383 0.0578010390135 0.0475750036635 0.146117737237 0.289654649361 -0.119320351323 -0.216567510162 -0.0950701146299 -0.22740385721 0.0403179062497 0.197551770613 -0.0118109855509 0.214053179316
0.10103052093 -0.0278886252211 0.157349171495 0.0178369788749 0.144664363591 0.234512073153 -0.0999754655889 -0.246411467358 0.278891250709 -0.219662360111 -0.0312594392409 0.0526342430111 0.20973065754 0.0609307818963 -0.103160107658 -0.0489642850972 -0.055027296416 0.233557671469 -0.160026871394 0.118957560167 0.253038310933 -0.201935468121 0.183515608659 0.161472411801 0.098053694885 -0.0776703578886 -0.154776714484 -0.0123310109483 -0.0179550428103 0.0364413899883
0.0650780045928 0.0980786701314 0.0308050960947 -0.148718275801 0.186928914175 0.191662790152 0.166794624843 -0.137301176216 -0.113734316745 0.128885475232 0.0630853736526 0.000203377984321 -0.190068061649 -0.207893845328 0.00875102928547 0.215206949266 0.122431702543 0.0915696724464 0.0784166839439 -0.145129624801 0.215441614349 0.137765474492 0.230126361046 -0.00490796975061 0.222542201056 -0.169796189452 0.0459239108415 0.0228692187276 -0.177230586971 0.11597948314
0.107741185353 -0.227819174005 -0.149795973796 -0.245335390279 -0.0244405270289 -0.0379766733271 0.0989674434442 -0.231308940647 0.0345514019425 0.236674168345 0.0515457617842 0.175982036289 -0.097442425346 -0.072729291268 -0.0512191067103 -0.0759838084247 0.113738500453 -0.209610045638 0.036978678649 -0.0631029112518 -0.000767779240051 -0.138031828204 0.117859092251 -0.00861338203569 0.194597393313 -0.0046602656039 0.162546665245 -0.0237388976816 0.0543773512606 0.0550754178619
0.0287894038176 -0.114190682383 0.115656051387 0.129452391825 0.0894802553965 -0.146167979156 0.251680041464 0.0330748523304 0.0981015946114 0.196961735866 -0.222835082667 -0.0717831968265 0.247092525645 -0.172060956614 -0.0783987995815 0.117280851011 0.0676514154489 0.205095350293 0.0654901184284 -0.146533817695 -0.102882439626 0.0869634500614 -0.190275344357 0.0222445375275 -0.17779013046 0.107329093915 0.105252837582 -0.0358869672426 -0.0709884933235 0.0832966929744
-0.255587450846 -0.140514688241 0.288540001935 -0.13528722358 0.219800112965 0.210690719565 0.0813942814694 0.116262826963 0.193685824783 -0.155097888906 0.16764188454 0.2853715568 -0.0407656461035 -0.209347043182 -0.0269760098438 -0.164355960955 0.125617923132 -0.0975383835536 0.0827276187243 0.146773244431 -0.0293218751458 -0.0518543870685 -0.0800383376061 0.153959997411 0.0540857612424 0.0813430050902 -0.235467156434 0.0632151264683 0.157354887745 0.0676277176229
-0.22920747167 0.133145153295 0.281977375039 0.0712636974147 0.0965341786937 -0.0219454757958 0.0181760087652 0.111449334526 -0.0994279189868 0.0714750847825 0.0293035306201 0.283860701495 -0.188401821472 -0.234921622053 0.0575303459084 0.0854275716404 0.100069177311 -0.0254243608115 0.204163837127 -0.206245215139 -0.280807913654 0.102628369022 -0.0259223257191 0.0899436020683 -0.068111080442 0.0722835976583 -0.0129048994243 -0.0553430254928 0.268694977324 -0.0824203338523
-0.0996043828929 -0.0437782596529 0.042265433064 0.101376172536 -0.0555228891469 0.0631658593927 -0.317312755299 0.0203555667686 -0.121190266027 0.0606396469052 -0.195504696835 -0.147486307307 0.0533448764407 0.14707709371 -0.294125373606 0.254163713391 0.0672624624754 -0.126328241024 0.102556306283 0.225784268817 -0.191006950168 -0.0713345813049 -0.00873979605426 -0.108360300677 -0.000248860201461 0.0761436036299 -0.16971925339 -0.00555506436654 -0.175786017823 -0.058661130411
-0.184376696587 0.230328706298 0.0736621326397 -0.224406455116 0.210328963208 -0.0965796617302 -0.226293238799 0.027599774913 0.232216239403 -0.114146358292 -0.201826122415 -0.11510715322 0.0162152476355 0.0348376984677 0.0718975738434 0.137545599107 0.142884511515 0.171558987544 -0.029533575355 0.0501507787471 0.132562152993 0.0390317780312 0.19270272453 -0.18598036549 -0.204390829053 0.00706110540669 -0.118042471447 -0.197032114537 0.06343059859 0.188037864628
0.205736703856 0.0589838978345 -0.182804547315 0.0110092149239 0.212830535292 0.234081342401 -0.227999963294 0.0958422782143 0.141632514427 -0.234786872274 -0.265574090697 0.0693530766509 -0.137520277787 -0.145191485053 -0.0787357852029 -0.105921890701 0.0902361621051 0.108551040457 -0.149741307115 -0.0816806610098 0.177900222803 0.0534878608877 -0.203172862357 0.0759790602204 -0.0733716974117 -0.0675549041133 -0.0834804712658 0.0639079926758 0.21789289383 -0.0819607918335
0.162564681306 0.01791686509 0.239083971223 -0.189461817488 -0.179813333495 -0.00237654756149 -0.00537890053741 0.16192633727 0.0436635448415 -0.0497797859561 0.0514516644477 0.303255985403 -0.0289295404853 -0.0772054501981 -0.0577923486639 -0.211848615071 -0.167800105407 0.112099359159 -0.0830303801641 0.132921780035 -0.180418928376 -0.00221745406326 -0.254588732858 0.132169459366 0.204979318352 0.0774550589412 0.157516500516 -0.0293683193999 0.066169367758 -0.193030961342
0.16678428406 -0.0171299917335 0.197976723264 0.118381969257 -0.0209598509207 -0.0554126306951 -0.192142433859 -0.00585466803647 -0.0692469639354 -0.231225136509 0.23174618306 0.0364585163223 0.181420380302 0.0214829726628 -0.0209548109126 -0.205539980758 0.153399220635 -0.120282617437 -0.102502640286 0.123322034287 -0.134566926302 0.226826255676 0.0524640153714 -0.102404969928 -0.242026306874 -0.121482514632 -0.123657514161 0.0121102821276 0.182335570276 -0.21020918164
0.239627878783 0.241767677428 0.223960829041 0.204020694509 -0.156345849589 0.0872116702788 0.0581422277287 -0.126733581525 0.119421249261 0.128609693975 -0.0728275283767 0.176800371067 -0.19451717046 0.158387867908 0.237881354593 -0.23799031996 -0.188650764532 0.208931223492 0.0821107519047 -0.206516167713 -0.166628041597 -0.152675191092 0.239978415706 0.169520628064 -0.238127132032 -0.159558768564 0.0177628648547 -0.242593643723 0.196498489678 0.0425485806258
-0.239536026802 0.205214142855 -0.125548961136 0.211084180039 0.159285884601 0.18472457152 -0.125698165575 0.215150727515 -0.0427566755085 -0.10885187239 -0.0651206667935 -0.181482678244 0.0233449330249 0.178465419907 -0.200768777525 -0.206358912965 0.0606686975144 -0.0554336522855 0.166471850042 0.107690214908 -0.0503551097997 -0.083587515045 -0.208500280671 -0.0609011794099 0.128822304799 -0.0835295016648 0.238605184444 -0.257468008252 -0.112297514899 -0.216531134706
-0.0231369077212 0.23221967713 -0.115403978726 -0.135364881191 0.206142619377 0.104723170527 0.192728467131 -0.127072712044 -0.0545634735208 0.0238511887147 -0.183403127549 0.290007551705 -0.0948063672035 -0.0631460442802 -0.0513688410985 0.0685675137587 -0.138097974818 0.231584838727 0.0501023642579 0.0143917010999 -0.184758349703 0.0309413688177 -0.109322307464 -0.0324408691471 0.0188259743196 0.0252984216568 0.0412144043639 -0.246524681318 0.276606839771 -0.0445298832105
-0.0938236276367 -0.12675318358 -0.0549327209548 -0.0942333970731 -0.132433924897 0.0661104865474 0.0648112968915 -0.194938980806 0.262187534499 0.112824944382 0.152745845387 -0.0751252442824 -0.106410580928 -0.0864048969929 -0.206598441343 -0.0370023285148 0.096134935386 0.243625229074 -0.197893452246 0.249715561821 -0.0687151264427 0.248128275395 0.221925902782 0.153396350476 0.0169554762713 -0.180959263014 0.0895869220848 0.107003272096 -0.0381426426313 0.0513080873006
-0.133808502809 0.00065384337004 -0.142510432972 0.00315172935527 0.0259329681936 -0.0159043720388 0.281726835957 0.244492643401 -0.202176868337 -0.155325536654 -0.0911984892284 0.0156998244596 0.238253752139 0.00538010088845 -0.125473048106 -0.17633050417 0.0212124970803 0.0395445413683 0.161392507197 0.10446758998 -0.0507245801382 -0.193633237488 -0.144663584415 -0.0021071486009 0.087652329908 0.138469583607 0.197753622822 0.00148141530708 -0.339864371774 0.191258790759
0.137656620423 -0.138280987589 0.166199831352 0.0562906517883 -0.117171291577 0.236674261637 -0.12333715739 -0.10380840184 -0.0925928740697 0.212970401622 0.0395093732515 0.27663777011 0.163682452321 -0.245324312026 -0.212461152677 -0.243007467751 -0.00516202925607 -0.161790757404 -0.103899341641 -0.00437550556399 0.23907564072 0.243897617546 -0.260247927241 -0.0795840714026 0.0273038638473 0.0883363926177 0.0709012411883 0.0710791742602 0.114213488052 -0.228099892564
0.130605355932 0.107470710423 0.213436872658 -0.149337960396 0.128996593943 0.0265214829143 -0.0858846392134 0.204249709891 -0.060344962318 -0.125284490327 -0.151540930509 0.0445101976409 0.0140904308508 0.0292292666617 -0.0887124919778 -0.13864470338 -0.261988821306 -0.153986566884 -0.148066571632 -0.155066387646 -0.0199293937921 0.175411093194 0.221405124846 0.215676266563 -0.0125672431888 -0.0453856287522 -0.036291148851 -0.174599476498 0.223237968348 -0.100888987853
-0.19423384098 -0.196674108188 0.17874313603 -0.0820612349091 0.236886964838 -0.161246050615 0.057219042332 -0.232502433355 -0.180990143435 0.183373459785 -0.243931586421 -0.14804259048 0.226155961113 -0.151465486667 -0.120681382225 0.188252444383 -0.112343606437 0.172670646251 -0.154703302751 -0.175617878102 0.0926995869649 0.0548083909915 0.0990194652539 -0.18930923487 0.206432769555 0.117603194365 0.004453137154 -0.241446855792 0.0960757935238 -0.1309326166
-0.0497794682329 0.0641008198852 -0.151481221994 -0.202774878894 0.123635258658 0.204416625095 -0.229404005882 0.00553891174035 -0.196653090043 -0.0461191541403 -0.0928162406587 -0.0893972241444 0.0774887949084 -0.161667431532 -0.0173681563052 0.0516971561642 -0.0601968865313 -0.209262967624 -0.00801135833262 0.0813208354543 -0.192925374414 -0.107067794986 0.0653478123404 -0.216561457252 -0.108440778552 0.120751630004 -0.19613292796 -0.0943087214519 -0.015221040768 0.0996186393658
-0.0980213064828 -0.0988020833814 -0.122273904077 0.198811693949 0.155336806123 -0.249152879119 -0.0370424319673 -0.100913973757 0.197172521094 -0.196995672964 0.0893216715057 -0.0810320704513 0.0907471225399 -0.210026860828 0.129015207077 -0.0664738918648 0.0332361317942 -0.140074268412 -0.180078178018 0.0635515618961 0.0319365487346 0.0533757717103 0.000118620985394 0.0818382318146 0.109720962788 0.0675187104621 0.0277741389287 0.117420734426 0.194114064761 -0.14990388872
-0.17988603147 -0.0365176577517 -0.220349600787 0.0666775588608 -0.162838707828 -0.0316466834662 0.175264926337 -0.106866007582 -0.220523888597 0.198555350066 -0.145234595632 -0.12821011061 -0.0367492735068 -0.0792810116754 -0.0081715903051 0.228601471289 -0.458798212298 -0.19108538233 0.207666078737 -0.0396872318063 -0.0444361050411 0.0675145031681 -0.13675945785 0.0298326336293 0.109634717376 0.220819919557 0.177491554539 -0.265605957119 0.201330682586 0.180871005724
0.0895313434938 -0.157910157387 -0.161688721438 -0.0471894532912 0.224848386405 0.153270145038 0.310102417786 -0.00322230017622 -0.225600255172 0.0697982829664 0.17475218094 -0.108462310704 0.0601094798448 -0.187444378378 0.341762150081 -0.217517997498 0.136635131557 -0.143189146826 0.0510313063756 0.233976409441 -0.166901170358 -0.00519335298681 0.122670333364 0.273605145653 0.0586747162062 -0.11610236072 0.273624208464 0.104644402617 0.377898837573 0.0496395108799
0.138583858903 0.186216444178 0.217516328463 -0.175071870057 0.236769509541 0.154889705638 0.0770661839496 -0.000789131323075 -0.0793514732426 0.105448175694 0.243756927253 0.105982526716 0.02216609266 -0.0612699880505 0.0002396368913 0.0205428773524 -0.132439582954 -0.0232113719543 -0.0353433357172 0.188459408901 -0.14342970316 -0.011326646774 -0.211472561724 0.277301041201 -0.0294749655495 0.0347521773981 0.228480863272 -0.283418728502 0.0983845497139 0.0658401384784
0.108380337408 0.0499701334307 0.00916730284079 0.0349874434728 -0.166908042031 -0.0213803475043 0.188785634959 0.0582624245008 0.0489640809573 -0.0187692341639 -0.216710551127 0.0237530773993 0.00978331466459 -0.0911992335501 -0.315473744593 -0.0142687361077 -0.0226986413597 0.000650884200585 0.0959302657233 -0.049962588721 -0.284979796878 0.163432112689 0.0185174959518 -0.00747957407363 -0.0651214817653 -0.120576297237 0.0737134963269 0.119193414968 -0.27670673244 0.00326581993713
0.159481468414 0.0850220991957 0.0182122138217 -0.191318245371 0.199884138554 -0.195938556929 0.184612739097 0.0653992783083 0.131072076906 0.261065831732 -0.155912816157 0.288122865542 -0.237185696017 0.189718704783 0.147237631696 0.0244352504227 0.0128820974656 -0.00114958441352 -0.118424336855 -0.140719947946 -0.103498408234 0.107660719545 -0.0123872061 0.178120624817 -0.232036788994 0.0147340625524 0.0471489386188 0.106918802445 -0.0611708499581 0.229267526446
-0.0392080124554 0.031349791225 0.214444688312 -0.0964463131232 0.221081198712 -0.174202268632 0.169883596832 -0.16627523539 -0.184283790374 -0.0190041025866 0.236467026613 0.218036387023 -0.0725369601561 -0.0420361457613 -0.101524505871 -0.22655487087 -0.140324893419 -0.0356906654202 0.139336548481 0.0579707247637 0.0960509662692 0.227304804474 -0.00838340428359 0.144924722398 0.0913461919081 -0.172544840782 -0.161968432962 -0.121694144073 -0.245333163133 -0.103227156201
-0.0356121033724 0.222974364992 -0.132766077347 0.0481516118467 0.211801025298 -0.0432334052697 0.071398713397 -0.115167272605 0.0509188420914 -0.0895590624625 -0.15671512369 -0.0664462553051 -0.172711747685 0.232038922924 0.0793725954795 -0.0160181026292 0.227668344143 0.0960921981667 0.0428013155858 -0.0290439040309 0.24835238047 0.0879117717183 0.21129322231 0.183207090486 -0.0836439486578 0.0141600990285 -0.0355678253254 -0.171555552 -0.0427609461528 0.237921129747
0.0125835529431 -0.0661717462693 0.092384366511 0.0343962581435 0.230492815887 -0.216108560533 -0.0925861363337 0.115644756689 0.178069225031 -0.138568829171 -0.156007225655 -0.247997353765 -0.177708505529 0.0290114735292 -0.197234679911 0.126165719574 -0.0602780225866 0.155925539878 0.176906640381 -0.16113229458 -0.00603327580137 0.137977473876 -0.258125234022 0.0994805841562 0.0429359811717 -0.151491741861 -0.196278108716 -0.168211568089 -0.182173816383 -0.149797014691
0.226507517329 0.193262519944 -0.15268535693 -0.194962740926 -0.0367447207468 -0.0786574283744 0.0869942575799 -0.140970561696 -0.196110812098 -0.0661112177824 -0.0946925140174 -0.0875048747269 0.0955853874441 -0.0369051980962 0.0460925967684 -0.141261109216 -0.11818388302 0.201449504519 0.267853378818 0.195402627352 -0.112182359838 0.211685465569 0.174748218506 -0.018746635124 -0.243657130181 -0.00292314334035 -0.135590570361 0.158769398442 0.00707757934941 -0.0137897718789
0.0319685316992 0.118346131699 -0.154599729537 0.0183632675063 0.210380004611 0.156810140702 -0.0405432108607 0.0974112957035 -0.00618484273397 -0.0394591640428 0.17444398382 0.166612300625 0.133685807953 -0.233502627491 0.103540759578 0.220260786488 0.137942979618 -0.144445725243 0.124896921988 0.246512262967 0.236124156777 0.0208897542523 -0.109326076106 0.190218505227 -0.0742381617701 0.112256848313 -0.0390856735451 -0.039107540841 -0.0890685254272 -0.120364025259
-0.0562181340309 -0.238915830285 0.0627102715661 0.078307873286 0.189825463738 -0.160471320914 -0.0815160844389 -0.302826590747 -0.0141418312297 -0.0856549173277 -0.100288163407 0.0934821667969 -0.00369464168023 0.025226303936 -0.0561613189015 -0.0766989128514 -0.0427314281438 -0.13443296714 -0.183429704261 0.133505835153 0.0377193649024 0.136023052947 0.20905895306 0.264111604638 0.01401234231 -0.202275339912 -0.0706250268195 -0.213936584948 0.0588121393666 0.144661077945
-0.0130125154366 -0.0396785212944 -0.0556072639756 -0.113539801688 0.0672163788868 -0.136533739222 -0.0825665431478 -0.121192773149 0.224611409407 0.185897975622 -0.228121986528 -0.141115186844 -0.133318779258 -0.116196949918 0.16283932736 0.282229517893 -0.0643796580269 0.138573047178 -0.17603322242 0.206348469057 0.0843385603746 0.00996376031523 0.102727204777 -0.163588068565 0.158347942137 -0.119869988842 -0.257142652932 -0.0185994062794 0.00426372312774 0.133686174286
0.115583202615 0.105145320925 -0.171080067383 0.00535359778574 0.171534766507 -0.216624267341 -0.170895459031 -0.23431111888 -0.0592555885451 -0.024188222961 0.0207510006877 -0.147054176144 -0.0745336433218 -0.186170986073 0.0448011273597 -0.00493281638296 0.229142883156 0.0939573774512 -0.0432390263968 -0.0767013294111 0.244237042121 0.038470133361 0.085678264985 -0.0459415409207 -0.106179413069 -0.263298803077 0.11159657319 0.173451647556 -0.177983044694 -0.133201405579
0.0634884688194 0.119788072218 0.280312172213 0.132932457273 -0.00689752085932 -0.150886000613 0.21071459255 0.214210589745 0.11956815117 -0.0512143749405 -0.238893185427 -0.0285507522547 0.00146700525655 0.247131166695 0.207254389818 0.236953940717 -0.14333736835 0.255766329098 -0.214857380009 -0.192075330973 -0.200213905612 -0.24159607994 0.229841040189 0.0259225537128 -0.00675768140422 -0.0728654372198 0.198137978195 0.0686770026138 -0.0606643750286 -0.177130054831
0.161421993379 -0.248661180055 0.17068523308 -0.0627010010566 -0.0351224994434 -0.00554440999563 -0.195982243404 -0.225005625945 -0.027930261646 0.0796654649901 -0.0988676995031 0.105311541529 -0.0898170927261 0.0341991358482 -0.213816520064 0.0291535430565 -0.0157457940477 0.232562187991 -0.168367844114 0.0246014367212 -0.222530763951 -0.231671976145 0.0986329928554 -0.106472014162 0.0945281996396 0.232356267007 -0.247015154391 -0.236270219224 -0.151566621311 -0.0581046189785
0.0289664666033 -0.0936122372466 0.00389153895198 -0.0827594450622 -0.0600560098751 -0.0161876749809 -0.194668430996 -0.233000989764 -0.203712042464 0.166381644212 0.199084542247 -0.0748611408102 -0.0720164673156 0.204818934876 -0.152372874767 -0.0285160490202 0.000545090400411 -0.0465263721298 0.173784888615 -0.228212014531 -0.175424832169 -0.128100276666 0.0962118253444 -0.107088571806 0.189480304827 0.109584361676 0.0723585052717 -0.0834183817947 0.0108345545253 -0.231909807723
-0.103881667 -0.110966513798 -0.0766284384451 -0.067627293563 -0.0930876568676 0.0282157355039 0.0432683055091 0.260600991903 -0.184916162699 0.0647651080665 -0.0797845096954 0.0618206555328 0.263638851683 0.0957057441954 0.0558673448335 0.144925866682 0.258471862913 0.214530013677 0.168864717822 -0.116206718449 0.222943899308 0.252598688017 0.136637827107 -0.148291233945 0.0915958729327 0.0650221559211 -0.177238390471 0.141160447712 0.00162741318053 -0.289230439283
0.121899512252 -0.0603082882633 0.0559372054911 0.132312862264 0.12198407344 -0.109906258943 -0.048277312309 -0.0879947092967 -0.154134447426 0.08959870965 -0.161461304615 -0.0694379902581 0.0178362170067 0.0453313430125 -0.0415940311634 -0.0297524853589 0.0361907580265 -0.227126299149 0.296524312721 0.11629642604 0.0343467894827 0.0234846247159 0.129179786352 0.026453600141 -0.126556491441 0.20339465947 0.0540900937096 0.215519716162 0.142492261003 0.10812668218
0.0107105566008 0.0743533081919 0.00868568234211 -0.0424360871157 -0.223952650045 -0.271646569024 -0.139478049531 -0.0319792523656 -0.0750572404662 -0.239128994826 0.117130086429 -0.124696159418 -0.282578145294 -0.240877523784 0.179280400545 -0.0258520784302 0.0847386353518 -0.011982973703 0.047299143651 0.300195801394 0.0180627414585 0.0337842194304 -0.183124350428 0.0276826569942 0.0290446145911 -0.213489230047 0.0731359787319 0.248835006123 0.0822634552749 0.0302700438755
0.0428343555894 -0.135141079414 0.0539775087224 -0.171394795346 -0.00886249217105 -0.147652229155 0.154445297831 -0.15268962987 -0.0448926020817 0.0971865384436 0.00577981118268 0.0413949186688 0.0241320902365 -0.226976128062 0.115551933397 0.138420349961 0.0500076585259 -0.172151205151 -0.0761294695791 0.0357443006095 -0.0946974614895 -0.0586222587802 0.200358139779 0.0107172748981 -0.0633392377938 -0.168961464437 0.17585901501 -0.182144643737 -0.180084914382 0.249614633973
-0.0877566411622 0.193226546576 -0.16066719055 -0.136976873776 0.188823895082 -0.138135123715 -0.0908336359394 0.164206398638 0.162578285363 -0.203200710001 -0.108621604831 0.217746633793 -0.0259726360123 -0.0268701498298 0.152049683526 0.235145022841 -0.196563250682 -0.0857086502896 0.219838251405 0.10392924068 -0.096654776963 0.0052316761854 0.159027796114 -0.147874881963 -0.0550584800438 -0.194837094387 -0.0979526241432 0.143684798465 -0.0292871422447 -0.0516994666095
0.0424628741436 -0.259600995377 0.00988413919212 0.206958929601 0.05741268887 0.0772835656208 -0.220373894473 -0.142518547269 0.0788419032705 0.0894273434777 -0.0695692287554 -0.0672078611779 0.233145282208 0.0579313782066 -0.203534336914 0.160107371578 0.210220284005 -0.0442952888488 0.199996722349 -0.0446633408389 0.16321593025 -0.0946325732538 0.229833364874 0.170579834959 -0.123579823181 -0.236458045576 0.22209600588 -0.0519401718366 -0.172644510725 -0.0199920823827
0.0107051481057 0.000458331934469 -0.00132838886874 -0.00707331152375 -0.00294349990608 0.00342760816694 -0.00135113478303 0.0051263641973 0.0028965866262 0.00322291477722 -0.00271115512388 0.00942734451084 -0.00558446189548 -0.00622361563186 -0.00680868148517 -0.00316257220716 0.000786775066051 -0.000116622881298 -0.000835310870071 0.00481087986957 -0.00516552167409 0.00650465722967 -0.00472644061865 -0.00614612063911 0.00516755814562 -0.00840077962818 -0.00397137435094 -0.00792730902014 0.00576122032785 0.00129349696768
30
-0.215867259242 0.0762779814763 -0.206866745908 -0.137413750477 0.10581643979 -0.243769196706 0.0745396041625 0.171571934396 -0.125601327601 -0.233932786611 -0.167347486516 0.153866294066 -0.117788593182 0.0147815778957 -0.122853305998 -0.112664915583 -0.255129619665 -0.0390248613457 0.0155744768698 -0.167133977221 -0.293228509218 0.18507570969 0.227942851937 0.185827859917 0.0132664991903 -0.0290514067658 0.306214266192 -0.298467842711 -0.122784347456 0.0923396914282 0.0652261361242 0.29419066567 0.211806379693 -0.0583565406351 -0.181608058528 0.0932958937233 -0.216451860607 0.132453247607 -0.0867912350245 -0.0333302546489
-0.0494446936739 0.0173144025677 -0.171550149493 -0.0605407075766 0.0475899942388 0.0181962263187 -0.0625872091172 -0.0607983691177 -0.221175201514 -0.212895367231 0.0954218644733 -0.140911781192 0.141207019706 0.0552358159802 -0.162193039853 -0.207080568094 0.248611470006 -0.181258624037 0.119515463927 -0.001581821046 -0.0960733332759 0.0886989389499 -0.234176727838 -0.0444599819754 -0.144655900016 -0.131370565716 -0.218930719428 -0.0812569911818 -0.0173244227622 0.030615778912 0.207150480584 0.192181436065 0.142750189035 -0.213794196399 -0.165782557381 0.152143355766 -0.101488247349 -0.150921658886 -0.133908990827 -0.235050972118
0.0650413140246 -0.270610873625 -0.268559671764 -0.219662140074 0.0881418829441 0.22840248353 0.0816495422898 -0.20470487346 0.0514435660431 0.283015802254 -0.0885530348234 0.0493159129072 0.244742125734 0.237211378607 -0.0761569256126 0.0925056506874 0.0614780211256 -0.190185056471 0.159589689923 -0.303065248795 -0.223874304196 -0.156818671224 -0.19167253994 0.0595558463374 0.0723200175476 -0.187546702166 -0.186942036983 -0.0334734495233 -0.0633099722743 -0.272668305951 -0.170088641526 -0.277662830445 0.324732781006 0.25965873707 -0.27704442554 -0.150047140778 0.105880456724 -0.0170741916888 0.236531582066 -0.274957975168
-0.115195092458 -0.119507120856 0.185797632008 0.154347906278 -0.0541534446279 -0.216709319474 0.038276834419 0.102589243907 -0.0839863158253 0.0727697706586 0.261149996626 0.102044674167 0.163431365293 -0.246500609171 0.104759111224 0.128486025498 -0.16791132619 0.232609826212 0.128279697583 0.103042542367 0.239942505904 0.276035087018 -0.130530901661 0.225255765054 -0.0842997060421 -0.23184349878 -0.0592064840924 -0.105180513251 0.0609495496794 0.0657540608582 -0.189676504032 0.21733032121 -0.076771072917 -0.215349594985 -0.266149387575 -0.266367888015 0.0143845443865 0.101026338 -0.182810400465 0.0734598086652
-0.276146391206 -0.0211436220575 0.249119091246 -0.0596309232765 0.03196207614 -0.02779615135 0.0490012490069 0.0184294354451 0.176197669269 0.162787920852 0.231654849682 0.223699648784 0.120529639326 -0.324996005858 0.223541703334 -0.0807007074265 0.167300450478 -0.165086087128 0.234534874316 0.213495103162 0.270691750042 -0.013882414623 0.164196029146 -0.123836033324 0.137438934996 0.223358637444 -0.310052517331 0.116840643938 0.179188679224 -0.256423886685 -0.284028634808 0.207492171926 -0.256912872966 -0.0181221559309 0.118841276846 0.025858470246 -0.291556057255 -0.0701566592491 -0.109550722433 0.138491496659
-0.113698279307 -0.0510926493983 0.163755709183 -0.205452716811 -0.322751520482 -0.301442562599 -0.105604317769 0.156574349067 0.260824711575 0.119248846098 0.0619577161423 0.235261430297 0.0741574235498 0.0104500567974 -0.0151483123021 -0.317162335174 0.139510390479 0.0348980014222 0.365371666035 -0.266642487975 0.19213066196 0.254269717086 -0.0663749742535 0.0350674766297 0.183599476282 0.0971201819887 0.234625514466 -0.0133426157988 0.260317496907 -0.0335938287534 0.215553583438 -0.25229059284 0.038475223492 -0.246323504254 0.171561316147 0.0053210544856 0.160406840831 -0.181820837923 0.0549937859009 0.056466986081
-0.167558241603 -0.0289420889677 -0.00389960851094 -0.00528757099421 0.177969275633 -0.152435376248 -0.154868513151 0.202646480127 0.00349888834012 -0.136079899317 -5.20349788757e-05 -0.0292456840019 0.281554239505 -0.228467164682 0.220945975794 0.254745267656 0.199167957417 -0.295562688194 0.159747927028 0.146502554524 -0.11098323513 0.0253981746183 0.273072987657 0.157809779131 -0.213604376413 0.145037054383 0.267241023543 -0.207756543267 0.0213203704843 0.268463131777 0.296320390304 0.240337836562 0.197078437272 -0.0497034001004 0.248495990912 0.191306491608 0.102188204136 0.045242742218 0.0528272506134 0.0937274051302
0.200225764804 0.34081337508 0.284388881467 -0.175260996779 -0.169000607074 -0.0773100244182 -0.189426823907 -0.145559413036 0.0904270381 -0.226937153628 0.186736930459 -0.068709455447 0.262846346448 0.285302438898 0.0707923480253 0.00480509423414 -0.0858867965221 0.008973665275 0.139872699439 -0.0151840847762 -0.130933324869 -0.239189161037 -0.192782743107 -0.128745536603 -0.00969086896049 -0.163571429368 0.214628360614 0.125826865445 0.132775178114 -0.097005999837 0.158279845321 0.203504393768 -0.118241994401 0.214098014535 -0.217053368818 0.186064299171 -0.153462037623 -0.00986162970143 -0.0126469000599 -0.193013356309
0.226714635301 0.0992423645936 0.129815237771 -0.0692297198706 0.261764573875 0.125263378957 0.020473881946 -0.152743859466 -0.148032414842 0.181874177296 -0.0523042052047 0.184596058687 -0.062093217268 0.319298796038 0.254580974806 0.041025494161 -0.195634451356 0.171652423845 0.171504338445 -0.337071915563 -0.0351032115203 0.141101623225 0.236828406601 0.111392754601 -0.0943094753711 -0.0311042221573 -0.199563500507 0.159305318186 -0.0974969230084 -0.303127521197 0.0859885384696 -0.108973644671 -0.0356589164871 0.128066917179 -0.0696626363905 0.0967852179601 0.0561661839683 -0.0318421163025 -0.111959141178 0.0014044412998
-0.185966557498 0.0398221043327 0.316204477647 0.0739917180105 0.119326067723 -0.0189838478302 -0.0639580233138 -0.341476462368 -0.178076694551 -0.0970320227923 0.105945948243 -0.19737695214 -0.184242680779 0.194430175843 -0.245877113512 -0.0936208335494 -0.321004712929 -0.24360941958 -0.0190561096948 -0.0506707472824 -0.0077706877114 -0.187603849396 -0.106810626852 -0.323744215321 -0.00867904666479 0.119416553607 0.211364204122 0.0393780580301 -0.181626912352 0.207573820456 0.105078548979 0.143773752669 0.0441217640442 -0.162376293759 -0.0983146445161 -0.0552150339137 -0.111759345504 -0.226520593024 0.118940778304 0.0595033154052
-0.00351297099863 0.0837615110169 -0.0819213340538 0.0616778449461 -0.130750977425 -0.0925495008134 -0.298054285092 -0.177889288755 -0.190426797993 0.179239584562 0.143898853897 -0.156593045987 -0.113743572454 -0.193088963975 -0.061806490457 0.262164814949 -0.143216598361 0.153379884451 0.0103751289519 -0.28941165281 0.0428712805197 -0.04924722453 -0.0459601766615 0.0270622225959 -0.195147101935 0.271119862034 0.110807234133 -0.0647420077054 -0.147372881571 -0.0831587924122 -0.247074534649 0.281619726697 -0.0462441676049 0.200359691428 0.25273243891 0.207598562333 0.302012299346 0.0409290596068 -0.216536212652 -0.227346080867
-0.211995706005 0.0105137637852 -0.0736652081579 0.050270619018 -0.126079024365 -0.0402256808681 0.306743417424 -0.254915502222 -0.0238225447156 -0.218653835274 0.0994110510586 0.172345941953 0.170004767076 0.266805813285 -0.246330654433 -0.303021443573 -0.347096993608 -0.235046099689 -0.0123741242185 0.208638597132 0.149893851034 0.240909803299 -0.121558743506 -0.0737836569357 -0.197338107734 -0.118445000793 -0.109378933427 -0.106276228879 0.299122334738 -0.0963662106382 0.153933820833 0.172935988109 0.231865144205 -0.156744542568 -0.281884620503 -0.0583878835104 0.130136536388 0.0401826094986 -0.209471039437 -0.28195184498
-0.286524351471 -0.207610155078 -0.210271170103 -0.0596998154625 -0.00810403643977 -0.292258569141 -0.140338225306 -0.170742543228 0.0646564454233 0.196986774045 0.208576583283 0.0101801322832 -0.0128911897074 0.25204561245 0.123443494306 -0.240337011855 0.330280743772 -0.122703065501 0.0555748807773 0.0374660851625 -0.167375655995 -0.0426800571547 -0.00152254546547 -0.160815966857 -0.179209150705 -0.0557653873412 0.318724824798 -0.108305470208 0.179520905626 -0.0980920280208 0.196376781042 0.0611243933954 -0.0779891187137 -0.325679700827 0.167172557487 -0.252913291526 -0.0617780239244 0.200113492816 0.0578626404774 -0.0579235764576
-0.189493240865 0.0909678414005 -0.221080453138 0.0851210056338 -0.238186695083 0.196938305135 -0.00181306523533 -0.00601804761211 -0.227813093971 0.160624240213 -0.243129093337 0.227602297975 -0.178221233348 -0.244095264697 0.0323683852423 -0.171516942854 0.104569966358 -0.253516581075 -0.070161677241 -0.288814276642 0.182379184312 -0.123849097406 -0.216669707262 0.193396770734 0.121416828566 0.154208576597 0.0168157295656 0.0868791950876 0.00605263601248 0.254183927545 -0.242979900888 0.268321913741 0.113682034905 -0.0711094539589 -0.275154511714 -0.246837323666 -0.161695296333 -0.0158586615124 -0.254226502702 -0.0204020152164
-0.134482751806 0.191083895326 0.241674486163 -0.208853448921 0.0127214770887 -0.0428592483724 -0.236646640576 -0.187173774444 -0.111293194941 0.216818719035 -0.198302588427 0.187120892682 -0.216155418073 -0.184350490486 -0.283156871288 -0.0389003024939 -0.0668623214235 0.0593064018552 0.173274732606 0.154921474179 0.241410695032 -0.214478969566 -0.168484090337 0.122449454109 0.0336445662988 0.186046362234 -0.252931825286 -0.247999575879 -0.111703573272 0.123503028831 0.232964654663 0.182545568128 0.16487791429 0.263131616842 0.0132353604983 -0.219923571325 0.102383471726 -0.349490260481 0.154624251874 0.359828923011
-0.0664656046052 -0.0169182084929 0.15989428878 0.197740542913 0.320348439371 -0.133615949102 -0.197261213063 -0.284587360213 -0.205932082513 0.236512897909 0.18510033308 0.0442768442867 0.115271973389 0.197103606824 -0.261874890617 0.236328534452 0.065747219068 0.272917037655 -0.142376243863 -0.0520741958737 0.0598356648457 -0.0975783579061 0.266336231589 0.0651039416787 -0.303081771197 0.0753721572273 -0.219836810566 0.150663377109 -0.207045092357 -0.183527327744 0.017130406457 0.19344233158 -0.292487034882 -0.232502822761 0.263409916531 0.164926731593 0.154119425132 0.0787101602214 -0.0272070885189 -0.282589558374
-0.28393818395 -0.0975031928177 0.241995448723 -0.0909991383033 -0.235499280863 0.239718435323 -0.0837554450322 0.292210871378 0.0277851705834 -0.252070687509 -0.227083314415 -0.129431853939 -0.0126802478462 0.179986887858 0.0215745339519 0.296219647392 -0.206261215181 0.150553372467 0.344361783161 0.00983350755041 0.0494432602686 0.0993769874429 0.185186737502 -0.209396834449 0.0777939217375 -0.19862573527 0.0291368836265 -0.319657267693 0.281007406897 -0.227876405194 -0.121716557388 -0.247945172193 -0.436324388524 0.189023359024 -0.134913352569 0.242029899271 0.252345154038 0.0130406452628 0.175627990951 -0.0915112369766
0.0734149463864 -0.136464800569 0.250444130005 0.232562546788 0.0800777313882 -0.19572677883 -0.00450501485378 -0.0886132719731 0.145652676254 -0.219280763804 0.0351008841118 0.0686154847806 -0.20078455189 -0.0556945139008 -0.158404739761 -0.10876228153 0.10625769976 0.0365327955188 0.00127571804663 -0.0683050103948 0.0779223746915 -0.244041504963 0.12763881768 -0.0389082240543 0.0299673482783 -0.337565967233 0.0158849912711 0.109797264728 -0.117488135646 0.0150007951831 0.236585258601 0.0529727211744 0.0283421322179 -0.0567842421929 -0.137054578392 -0.0024104411002 -0.01937370358 -0.0318673039554 0.212035195532 0.087157178932
0.201397756273 -0.160670225028 0.131228054117 -0.0985723081643 0.231792097642 0.0365440455586 0.103965270693 -0.109319832659 0.280161986647 0.0865081468922 0.275091809418 0.187152880199 0.0418762627627 0.0536364534593 -0.0629661556839 -0.209181494507 -0.319379832964 -0.0377926376922 0.145959649911 -0.168688384222 -0.164233250861 0.292957166118 0.0367554735817 0.00686316652935 -0.101822460919 -0.210720455878 -0.175585274899 0.148205881624 0.152856661703 0.12941512573 -0.225194246535 0.121897813574 -0.278403270319 0.117634078564 -0.112215744285 0.00425464629744 -0.162607322742 -0.199287247589 0.224075060898 0.217645154503
0.186209524818 0.0982849536953 -0.19240665057 0.307148821155 0.21912024675 0.265932158922 0.301526979294 0.132747312198 0.245833678005 0.151636043093 0.241808964119 0.270332614988 -0.173216636817 -0.0955254400148 0.24076845811 0.198401037163 -0.304478878385 0.0208239126343 0.207434163976 0.0380826878328 0.264933028529 0.204898641152 -0.115569205193 -0.179674586625 0.150437032014 -0.0314158209599 0.0156253680657 0.0495062626288 0.153119703501 0.175415660218 -0.281433420632 -0.00410165094444 -0.114530069056 0.0799422280848 -0.266923374136 0.150703976223 -0.0940616799809 -0.2311244093 0.238900508132 -0.248655798549
-0.149119855084 0.0354599873876 -0.0211470139886 0.260674860577 -0.0423201249431 -0.162156586473 0.0921858680016 0.147918792663 -0.207278920207 0.205089317614 -0.0172601472206 -0.195215540874 -0.0705254355208 0.216750955877 -0.176316576159 -0.373125040503 -0.175050365547 0.229082365275 -0.0363622333992 -0.108224543856 0.0708452542623 -0.214086781789 -0.0484116686161 -0.188374349624 -0.0308892995962 0.27624411489 -0.0355302075875 -0.35011785955 0.0794724742058 0.0716910251492 0.105238854103 -0.211321674731 -0.0990764586411 -0.0973080584262 0.189807183798 -0.0976899235499 0.377187614481 -0.172814615283 -0.192245181058 0.144277737884
0.122615763048 0.128894879953 0.171729719001 -0.0583435926096 -0.201016565405 -0.142228183331 0.27152165472 0.0587508848136 0.00575493925714 -0.163300674601 -0.045630068318 0.25165153518 -0.187240380242 -0.134909401306 -0.119363547946 -0.191678649987 0.223951432053 0.194517027319 -0.208207559596 -0.189117134427 0.0368595592116 0.163974194596 -0.263890108021 -0.0775684944153 0.286630344064 -0.321699110566 -0.199975903616 -0.0398658747764 0.0602151030504 0.0965630058604 -0.115842627562 0.124348218418 -0.130555604844 -0.0421448072808 -0.198330162538 -0.226261454279 0.239334497121 0.0952216070917 -0.228259680325 0.11989599289
0.173775412513 0.27111087809 0.00961286297545 0.231978723238 0.102748664557 0.107908319483 0.14872194499 -0.140353868285 -0.184497857076 0.0110726526229 -0.101465836734 0.196584444068 -0.302053409355 -0.0379735532826 -0.146954110767 0.078650371729 0.134008498588 0.219968830645 -0.0904817577635 0.125609334475 -0.0242501257743 -0.130364025835 0.344027703144 0.308221367575 0.120062166144 0.150344956904 -0.169797266995 0.148534194292 0.0698339314155 -0.0118721774579 0.281281746255 0.239796208266 0.109815754691 0.195428429974 0.213237219147 -0.106972301504 -0.0974513125586 0.102153802334 -0.122238867225 0.25625901842
0.22473558779 0.127271122247 -0.189605830372 0.259319482479 -0.272924165609 0.184750046022 0.195673123852 -0.23468906266 -0.266130077055 -0.18267851985 0.283095713251 0.138948670754 0.0643736481792 0.21447780969 -0.0175506286141 0.0964438744211 -0.302078194934 -0.127497081564 0.127031422188 0.251395520299 -0.226644481748 -0.162418148134 -0.0715380340261 -0.0512133209693 0.0780304244614 -0.0173125976616 0.231375171069 0.129301730736 0.183110658055 0.0637680113136 0.252402750276 -0.0384110991369 -0.211073306014 -0.000430945572942 -0.0230521434307 -0.201838947661 0.218960021099 0.205114856804 -0.246376476967 0.0797029697756
-0.17014922795 0.118455309959 -0.180117963372 -0.148356133117 0.246498171369 -0.0540775978704 -0.20316381999 0.209451356126 -0.0135887703189 0.0734547320175 0.269184512891 -0.223676260113 0.273135768169 -0.0921005405633 0.0673180560196 0.191103150771 0.08976610082 0.274544150326 0.195371305391 0.245137459238 -0.0432088405468 0.0162565307724 -0.035001985672 0.0794203065161 -0.128445295932 0.180253017192 0.0311882249287 0.0638847378033 0.167121785223 -0.176514552313 0.111933346082 0.0350305912753 0.216406960842 0.0561872467077 0.0623631965821 0.127483944857 -0.20119364961 0.178159884203 -0.154310847548 -0.126163691407
-0.120000367205 -0.137573825034 -0.249494661759 0.194102528336 -0.30566536423 -0.220625598354 0.16505056835 -0.142826503999 0.0446672236219 -0.132886177991 -0.309080847944 -0.167844413298 0.142423907985 -0.11891035944 -0.125013286375 0.335606743921 0.0976089074514 0.20329114726 -0.0335775220942 0.190771197166 0.191796529354 0.139254030267 -0.0576586010788 -0.244662620717 0.0274756092997 -0.254692034114 -0.204668830888 0.101417205546 0.072498548555 -0.0293892872516 -0.17895852977 0.228138042099 -0.0313191119077 -0.0818853162118 0.0216249740084 -0.111023107793 0.00753681902642 0.179501410592 -0.113187684966 0.225284420902
-0.196631198229 -0.241744314004 0.230546602488 -0.346890148904 -0.249730407614 0.104743451461 -0.227801495419 -0.144910838911 0.250648573404 -0.151011143808 -0.096617265559 -0.236708362803 -0.363332224967 -0.235694801216 0.122656433591 0.209457944307 0.309096041043 -0.228911994921 0.406491501029 0.200752124092 -0.187904584629 -0.330636779618 0.0486118276291 -0.313229608299 -0.268001654794 0.29612514505 0.15296138238 0.225919822273 0.178266210681 0.258422041697 0.057015128527 0.0543217434383 -0.0749566252882 -0.0794123349861 -0.360101385273 0.0390852535138 0.154267515795 0.183770145088 -0.0494449161281 -0.0540015534133
-0.0383867391166 0.148133869935 0.128490673045 0.263142108009 0.0226012852958 0.0338382735162 0.0376519388913 0.0361574534552 -0.10565406851 -0.071101381868 -0.222041135253 0.17160238235 -0.0980138525364 0.227710444232 0.245937114552 -0.0140096570273 -0.212286083405 -0.153386602732 -0.0718942732138 -0.220665634716 -0.0705555460364 -0.103621132975 0.120198627764 0.195878800129 -0.115319760653 0.0176894014783 0.0111594641739 0.127765513649 -0.085138407224 0.0648396172296 -0.0672712103495 0.142203286464 0.00777953559071 -0.0170217424658 -0.0878205429802 -0.126036203223 0.0525608248805 -0.0433031216544 0.277058823784 0.253551011755
0.0335668158502 0.288556762972 0.186873977942 -0.214081519191 0.0342088397516 0.0106168725495 -0.0528389930687 0.110714769329 -0.4008871928 0.261533243315 0.268360552141 0.257075113563 -0.0378496880313 0.0962774196199 -0.273808163191 -0.199022544968 -0.00245074224206 -0.215215506307 -0.0533295732968 0.0698006614542 0.219005312459 -0.272095169262 -0.0163042574803 -0.217012800327 0.0593778891033 0.0273331807295 0.226233002242 0.163750415192 0.302145040745 0.191322489066 -0.0420195339583 -0.188339136524 0.285259314055 -0.0564323934867 -0.187254908518 0.0113719294078 -0.0865003212944 0.26924968003 0.133634444953 -0.184813265129
0.165324240515 -0.35702906455 0.153436871938 -0.0653505510848 0.266249347225 0.27774383603 -0.104626879302 0.296075589145 -0.105482983879 -0.180136238434 0.069165157082 -0.00708029002705 0.205888600149 -0.00743838815774 -0.198888996982 -0.148275213568 -0.108803315474 -0.290766387402 0.185698159705 -0.0472876498078 0.0210665685963 -0.365362151919 -0.223387378238 -0.0730323487991 -0.150054546319 -0.189478361461 -0.306652689112 -0.187815281503 -0.183306555204 0.0907544138528 0.253222935151 0.0964677262331 -0.205228028172 0.00612474090549 0.194061355467 0.203070148761 -0.0446137790594 0.0307781259413 0.028826379474 -0.329975309588
-0.0102855419212 -0.0252372965455 -0.00680387243269 0.0243114215351 0.0130011069205 0.000993182757686 0.0227474015867 0.0205878267821 0.000877947555701 -0.00563338004619 0.00680210812259 0.00851381612361 0.00656953426226 -0.0299430173695 -0.000843013950212 -0.0167800367629 -0.0090688148448 -0.00497259496104 0.0285243084558 0.00846985417389 0.000187319074153 0.00872997416439 -0.00514229624976 0.0112568823641 0.0292858736935 -0.0313445871403 -0.00708875157355 -0.0271811386991 -0.0115869819618 0.011693706234 0.0049088615271 0.0030673961021 -0.0213936409668 0.0150702030098 -0.00120333647923 0.00927315912354 -0.00758704683515 0.0156329442401 0.0213492041513 -0.0287433148303
40
-0.139109266841 0.103321526192 -0.0878951265721 -0.0600808740017 0.143782807263 -0.0930822549389 -0.0192930362946 -0.143107247414 0.144466191811 -0.231890806187 -0.130791365456 -0.0285984710254 0.123314112478 -0.124651505786 0.0191662760375 0.246220439501 0.060336288969 -0.0346069282728 -0.178852501486 0.0533350413148 -0.0100956477951 0.281893732558 -0.106346656512 0.184763450214 -0.157363052587 -0.185011110814 -0.103720786131 -0.255601734075
0.167107731733 -0.308497368401 0.0193711636782 -0.00441624974568 -0.149957649465 0.193304804603 0.175722646797 0.114341473772 -0.244443405384 0.240794826414 -0.0192644663507 0.123655052637 -0.0586452243795 -0.0649489086563 -0.341985097258 -0.0802958819756 -0.197507013515 0.131251595533 -0.110959806143 0.0243452581916 -0.000722453915382 -0.246883494763 -0.160283658618 -0.29707789828 0.296121163165 -0.134500809638 -0.29628338243 0.0390097087727
-0.11021428543 0.346273543668 -0.163529718432 0.243730305343 -0.048293150093 0.138321790006 -0.180116155246 0.457130401945 -0.175656007771 0.150158330914 0.103389029731 -0.273212684394 -0.293417237539 0.165160079088 0.0703247467414 0.0708678079545 -0.17550211781 -0.337249174247 0.131008716525 0.274663031228 -0.233785142867 0.0152979143642 0.21808091133 0.142576295634 0.178021856953 0.230583146718 -0.224714441068 0.167735594751
-0.162126028184 -0.111964950363 0.1123306283 0.0767390126057 -0.053735422783 0.229245206687 -0.236778402676 0.156611921305 -0.258769996287 -0.29129593309 -0.184350430959 -0.0076702864937 0.00147468493221 -0.0180542387024 -0.0919718838303 0.123138375802 0.264557315971 0.05943823434 -0.0249018055217 0.115490830341 0.114370248813 -0.3389294958 0.181228838897 -0.219143085146 -0.0816606040836 -0.239073737564 0.213489942473 0.122927421468
-0.183781905848 0.325661036666 -0.207082670903 0.247192310618 0.250704989828 -0.160217643973 -0.272421685733 -0.155517850203 0.0334464215404 -0.275716704137 0.183782477633 -0.236456268126 -0.0213048342395 0.048213759392 -0.12353945303 0.357290986019 0.296735336271 -0.0439259436498 -0.170641245876 0.111867800282 0.131294693367 0.271846962742 -0.00446924995816 0.16954541736 -0.182214952672 0.145348624681 0.0315473891558 -0.162587077877
-0.206229081501 0.0473662529483 0.0480072117007 0.16766729569 -0.211961193675 -0.224848490988 -0.301652965031 0.0993878249096 0.0618690883169 -0.187802983984 -0.0665048856586 -0.136022433551 0.269628842533 -0.108277453334 0.130895880091 -0.232866966535 0.111135671249 0.0715607377555 -0.203360262731 0.0891443738455 -0.242581399309 -0.198398410929 0.284808846643 0.298905754274 0.028347197736 0.205931052755 -0.178640159542 -0.256858776045
0.28265913487 0.233606879421 0.27570412626 -0.0759934882282 0.256634198803 0.196185974733 -0.292463758387 -0.154792972383 -0.265833662983 -0.0106447039902 0.259525691219 -0.304422370273 0.303704516807 -0.0215101551908 0.255241004431 -0.25380464835 0.0356278514528 -0.17055450012 -0.276129612675 -0.116491065859 -0.0888965019309 0.268180671636 -0.185589034413 -0.152759945691 0.0745345537268 0.0760298816269 0.0839221353624 0.144119972718
0.212968925124 0.068960466564 -0.199305912037 -0.0545609032694 0.197382192548 0.140749829468 -0.203573508429 -0.317891179775 0.291592004845 -0.241088315141 -0.303192080769 -0.173652730061 -0.232667956464 0.242799715696 0.211489121356 0.18685567814 -0.0692891769334 -0.107260033868 -0.247174987453 0.0709302559756 -0.143245830098 0.211362614171 0.172547294499 -0.105593481336 -0.129581383927 -0.0766306558856 0.407428607591 0.364029601868
-0.156975286499 0.0347990381343 0.336046025446 -0.211408752808 -0.179962215165 -0.17299904362 0.0850738697577 0.100657675899 0.135117596351 0.192626742298 -0.177399046523 -0.127428337183 0.20613799994 -0.00311825034507 0.0324143818658 -0.253685170735 -0.264387743264 0.143832360817 -0.198085458441 -0.219233995616 0.0917034921972 0.100638485138 0.3092917556 -0.246583002803 -0.0668721232364 0.169698846191 0.163149075604 0.163792317114
-0.203918979455 -0.244152010943 -0.324417434927 0.0998121306837 0.158825742091 0.0248912171444 -0.0789666699591 0.237236369771 -0.0221529452151 0.159289576606 -0.190734442005 -0.0773168825963 -0.180668979518 0.155515868169 -0.167597718049 0.270872204087 0.165130517101 -0.0512724915875 0.0753324552307 0.191264211699 -0.0471363500209 0.21727992005 -0.0707154492711 -0.271313629193 -0.0909764632772 0.179646572967 -0.288434794873 -0.0990688526252
-0.230187380482 -0.113977646896 -0.245188963248 -0.166445568997 0.207529374644 0.191177473444 -0.0884305844171 0.105844718184 -0.178610407021 -0.217590506575 0.217704941607 -0.252487420488 -0.162485797512 0.0743783500922 0.15068545781 -0.129579523461 -0.139179405473 -0.147718700176 -0.214828410026 0.127108799524 0.221078044892 -0.0744414309018 0.177442370425 -0.0142664071074 -0.0893244399583 0.000217979537729 -0.21894976346 0.00400349798144
-0.146450518895 -0.0789574903136 0.2052781504 0.0412129428209 0.00751395598667 0.165543668018 0.109954544132 0.0982418479951 0.0918245546512 -0.175542394858 0.178840545043 -0.129821455175 -0.0487987449058 -0.223778103551 0.208283787225 -0.185783711278 0.088326179388 0.11798042507 0.0595471139532 0.134790575049 0.117827668106 -0.199328709025 0.177355514882 0.0353896092242 -0.10516787263 -0.255446672959 0.301621105073 -0.189023832515
-0.360523882638 -0.200496897565 0.228415709516 -0.0654881708305 0.0316948134621 -0.129754560789 -0.228988917473 -0.332278181144 0.171760462696 -0.149545015098 -0.252434996919 -0.0533262746452 -0.0801131179966 0.065596075493 0.0186188342728 0.0410112268819 -0.245966345233 0.270161449054 0.0545605391414 0.051215348309 -0.269843201979 0.212505675906 -0.0464668243471 0.0395485441982 -0.262990157919 -0.231879595934 0.0068209090869 0.298197463374
0.0601205079398 0.048322526732 0.247134845361 0.292278260861 -0.000817758056809 0.190472231578 0.252293312741 0.123947857496 -0.293440714536 0.112396232504 0.159886407233 -0.0688382144107 0.200049273129 -0.154310562375 0.267158593904 -0.142813861532 -0.0162439192476 0.00998848863628 0.0222504978758 0.0802786599831 -0.128807326514 -0.25577168041 -0.164441106554 0.253432707829 0.111073282579 -0.138581011465 -0.262604493669 -0.150155245936
0.227940565953 -0.0541938657326 0.191218135402 -0.221307329026 0.264429166712 -0.165277718955 -0.285147261042 -0.141303681955 0.221796089079 -0.257190029486 -0.254396514244 0.154903990963 -0.0511066038766 0.0531503190238 -0.1169229623 0.169001982881 -0.0262629704925 0.308990282346 -0.272142629327 0.148139552028 0.222418634101 0.251416027039 0.057151965167 -0.274960836733 0.146753389233 0.0936328152076 -0.111548573707 -0.217318457104
-0.0928070454835 0.27787553937 0.337889006939 -0.350465755626 0.0535500934724 0.114572060285 0.167338991371 -0.0587370622213 -0.103761787975 0.157368783915 -0.280786482749 -0.178505946692 -0.258197756265 -0.113032988868 0.0514482195502 -0.21855038402 0.291185371821 0.104490541247 0.299820884119 -0.231468309117 -0.0793326786078 -0.143279110785 -0.173229699865 0.09336062238 0.0716541700193 0.119223691818 -0.191499185929 -0.283089649437
0.0418310345921 -0.0697389994087 0.241436359378 0.0757392026145 0.000325241143251 0.272059055254 -0.113319081991 -0.0293609826836 0.12620895401 0.169420599089 0.233194764164 -0.262053317383 -0.018875376016 0.00308213669888 -0.0116828373137 -0.242705127556 -0.0465577229878 -0.0761595807523 0.256495374582 -0.357788888566 0.0599359006875 0.225539504547 0.0154894635827 -0.194614070806 -0.209841136952 -0.0651353502293 -0.0931739068044 0.198261431939
-0.0896347876943 -0.0602505775372 -0.284173260818 -0.0321918271946 -0.110817054809 -0.27090741168 -0.24108655256 -0.0329390419823 -0.0622207973346 0.10358007249 -0.0545823894021 -0.270982662224 0.0515984737114 0.10593508898 0.0669986255519 0.0138825067011 0.047600089195 0.157520295413 0.177268852105 0.225500613308 -0.20574218572 0.0764005502335 -0.190458649818 0.189628376895 -0.0487545364701 0.125205136244 -0.0960559466601 -0.098279318018
0.356118999161 0.203370097393 0.304832216257 0.0351041264232 -0.124976410873 -0.131228185891 0.225988875693 0.242179487683 -0.110806484374 -0.200918080376 0.22709964792 -0.0587453087938 0.245633052677 0.215164874151 -0.0476700310661 -0.283238959927 -0.14029561344 0.251043848839 0.183432879091 -0.188442920865 0.222073841527 0.205632782444 0.148272776343 0.120838935278 0.175809012111 -0.133259010391 0.320611644089 -0.139503208447
0.0249136682042 -0.0401984593215 -0.19583852303 -0.258968977814 0.006057717537 -0.155879416054 -0.168865942795 0.0315706435909 0.180193113827 -0.328974821581 0.233961341123 0.234175522762 -0.243457875997 -0.22542886211 0.152431375772 -0.251521380692 -0.277719838995 0.238435168871 0.213798306163 -0.323678879218 -0.285280041482 -0.349865603298 0.18095284417 -0.271474980818 0.0913411778705 -0.155790137251 -0.060381989771 0.228907115296
-0.223163956272 0.122211714981 -0.320241515585 -0.289761792041 -0.328093217328 0.0735521638771 0.0498827464347 0.278769042612 0.167911291852 0.0863452848273 0.122259382262 -0.0845030489553 -0.251612578052 0.206734004732 0.0098057648214 -0.132763136036 0.112327824405 -0.00628825116156 0.0683379240696 0.357320828302 -0.263871128997 -0.0135829656988 0.0529356039632 -0.0291795362161 0.131501673647 -0.188357541996 0.145973264001 -0.0981622383921
-0.101625076496 -0.26040053766 0.0834648020585 0.00125514422489 0.184974138986 0.0912536019017 0.180887361867 -0.0526482960789 -0.127204639627 0.0835446012631 0.0510087939268 0.0287274410328 0.038513945955 -0.0144064367146 0.285364739316 0.197421136478 -0.189698402686 -0.0186673675941 -0.224140406409 -0.119924761198 -0.00416241621193 0.186396040799 -0.115660031296 0.235057089439 -0.0764683255288 -0.250204529122 -0.0225701555802 0.1345844748
0.00882791046811 -0.00425681813235 0.0297441516405 0.257627569107 0.0996913532818 0.139113198266 0.0375738099703 0.334777285991 0.0348966456082 -0.29913940402 -0.203320441966 0.00951481508537 -0.0884049145909 -0.220889614258 0.258127043602 -0.146132529744 0.152540084585 -0.159030870149 0.0842513139187 -0.265947376149 -0.066237416981 -0.267898684577 0.276211167626 -0.042985472235 -0.115223046538 -0.21457268785 0.353721398969 -0.0887394650696
0.0471972762292 -0.29912968032 0.262047283589 0.0133838802975 -0.2549961668 0.212362992185 0.00116159017779 -0.405015129669 -0.139594365067 -0.250486451056 -0.105011321166 -0.0511225629561 -0.26593276621 -0.188995162193 -0.0904465740188 0.0356724480636 0.0974485335902 -0.277954434882 0.277299892745 -0.243805076194 -0.172071567473 -0.0056545574644 0.205027390251 -0.276685835753 0.212580695978 -0.312860572323 0.130145659069 -0.167900391142
-0.300610196513 -0.0237068204239 0.144149592089 0.013179318655 -0.163707007992 0.310422776308 0.0671185901731 0.148006024404 -0.0244558545844 -0.0576353084518 -0.101127342436 -0.199845272167 0.135215103252 0.134092578555 -0.301329782404 -0.130336482353 -0.129919579299 0.240354321963 0.283051268772 -0.020713654967 0.127521423172 0.182328680082 0.219140919376 0.0976031783001 -0.259373903633 -0.223161784918 -0.120610917942 0.130845666683
0.0892078408629 0.198182712891 0.0168002579273 -0.16078179056 -0.0306420672126 0.150940222989 0.1052794923 -0.0103987504113 0.247574377464 -0.0119387237277 -0.176155284927 -0.260438617909 -0.0803065126626 0.212506321887 -0.256153761232 -0.227827387075 -0.120770664708 0.146002784096 0.0647805222571 0.107158448135 -0.159713058553 -0.0342163434947 -0.267011230815 -0.261630901484 0.00216938039579 0.216871530982 0.162915155773 0.208532559474
-0.148523959486 0.207359512602 0.218919968583 0.261582362916 0.256836195094 0.0761753140766 0.303810407066 0.0221072180386 -0.0820255377527 0.19521271179 0.0905316078373 0.00401034514363 -0.0930388324052 0.168602799548 0.0819702482037 -0.211734171989 -0.236702625907 0.208446440482 -0.0502250941929 0.0197003154101 0.204839587195 -0.0977532083644 -0.0342689541708 -0.0111738982614 0.275170550079 0.174786833915 -0.0397630316837 0.217657816792
-0.15050264187 -0.215537437124 0.193932043355 -0.330476075824 0.287589536106 -0.166322271455 -0.13059085731 0.245778420207 0.0299689921382 -0.158414630624 0.0343809965869 0.168239557604 -0.134657147471 0.0151720444627 0.308490301445 -0.333962184686 -0.135649654083 -0.294721346772 0.276310916864 -0.0618719506921 0.00903132672327 -0.0450256951033 -0.215261495034 -0.155351753758 -0.29161558973 0.287578573418 -0.198767368046 -0.0064155413919
0.0734462246356 -0.296477387814 0.102562128838 -0.0329640071079 0.167041308313 0.267515323202 -0.238351443217 0.30514501683 -0.10275684807 -0.22226857278 -0.0408347194627 -0.166573947426 -0.0765962571587 0.144251402397 0.0334307019057 -0.269573993211 0.107981430314 0.274128827726 0.151794925164 0.278320779217 -0.00923718831422 -0.0843137293628 0.184075898421 0.155048828524 0.222629527906 -0.0959739618181 -0.0598199266991 -0.245677211489
-0.0697554517341 0.0448042807643 0.220381933325 0.147282698713 -0.02971036109 0.242175681013 -0.206042590385 -0.215270722451 -0.102665110815 -0.0596862459075 0.0101457876253 0.0512731957018 0.0164799963552 -0.122510226749 0.0726971987719 -0.16024248465 -0.305333335806 -0.136478548556 -0.126125202888 -0.21482083476 -0.241283742711 -0.0538038706018 0.231325580245 0.288974324127 -0.257189885033 0.079017896091 -0.0184153179075 -0.00960144847721
0.274644914314 -0.156702442166 -0.265602131836 0.229341343528 -0.260930208158 -0.194543556226 0.142094420526 0.156586041727 0.140076351511 0.310590151877 -0.118450009536 -0.130353808299 -0.213721803545 -0.0630253376969 -0.00519944457186 0.156467598432 -0.189074952308 0.277661507227 -0.0827024821138 -0.164531137416 -0.274787053607 -0.261461140844 -0.238847987506 -0.196178145415 0.201528974166 0.254407534669 0.251370462415 0.258328039096
0.0936679907294 -0.0105701385328 0.109920094239 0.125010826944 -0.025249947151 0.24218091359 0.0496236323153 -0.17890262096 -0.279066854708 0.0591271223077 0.0145278441686 0.356234597131 0.156007962289 0.0715236387594 -0.220792443019 -0.107135182821 -0.238535623066 0.121592706899 -0.0195077457395 -0.0130234128519 -0.282020650205 -0.154948728495 0.0129227298189 0.148726995076 -0.179894693628 0.0467905720126 0.126349543064 -0.199031731159
-0.325586238649 -0.35460499758 0.133183336966 0.138764987033 0.201441501063 0.00528924037395 0.102286005702 -0.132376010688 0.0311845238475 0.193471638053 0.27955400938 0.366066125205 0.296838923005 -0.1663950215 0.144438203168 -0.216476643074 -0.359279112786 0.0107482040732 -0.101253972433 0.0336613608919 -0.037029742772 -0.0592268767238 -0.29560581291 -0.216594674157 0.0380953326105 0.0291485138351 -0.101586812749 0.154130645105
-0.18299909352 -0.147494455574 0.260720062159 0.107009048252 0.128544737373 0.184889352346 -0.207936063111 0.146603203348 -0.147990020826 0.230244829923 0.0359624961521 0.192892855854 -0.0574448743569 -0.234512909706 0.0660522963556 0.0910601294386 0.239092305344 -0.177760005179 -0.0276223168409 0.184307098709 0.257003167979 0.17393074887 -0.186374967029 -0.0402704485901 -0.178464919289 -0.329327133958 -0.0953411830181 0.256551454843
0.123402612899 -0.0164865297832 0.0750744940852 -0.311500338372 -0.239964118111 -0.158059785066 0.104501087425 -0.0585976121777 -0.155577439123 0.00578542803429 -0.216261668865 0.219664603391 -0.253996000302 0.268476294085 -0.220943634307 -0.0508220305123 -0.0598262746727 -0.224316075584 0.0385171262938 -0.0572834957071 -0.1762048956 -0.0726056915943 -0.214779523405 -0.145849812749 0.24358785741 0.0597282482397 0.0561087263987 0.262288890227
-0.0270508195281 0.292548069656 -0.136374327908 -0.247288929848 0.161350133162 0.154527788084 0.0748968925686 0.196426753243 -0.0659718625194 -0.195811889164 -0.257633058905 0.0440098291737 0.0707428945235 -0.0152245119648 0.0440294860542 -0.0494102035436 0.0518188502295 0.231503144197 -0.18122654753 -0.193577428859 0.0022680466853 0.203608212119 -0.0858573489865 0.159657352281 0.0784614512867 0.288015065615 0.0424175285778 -0.102657354962
0.0229827921968 0.0953876921016 -0.234529551 0.328394811388 0.263751957836 -0.0150500911207 0.108361003683 -0.0277228947307 0.18788766498 0.266517794213 0.199259381323 -0.150344463389 0.101790106324 -0.0571256880417 0.0661337632741 0.104345084079 0.150615541822 0.21608001679 0.100231253881 0.0183280715962 0.0597921743595 0.321000707309 0.00868126066891 0.0297582444585 0.138435667725 -0.286668622452 0.019103187534 -0.137262501319
-0.106772426097 -0.231284677058 0.173869154142 -0.234685585347 0.305463708511 -0.222753133581 0.00481642467577 0.0262762079971 0.230418757656 0.15227383267 0.190958238093 -0.188726460996 -0.30154328904 0.264216614358 0.319252391174 -0.289053085444 -0.183253817053 0.0317669933046 0.273633662486 -0.128611161179 -0.278426292496 0.172064800996 -0.0831206583047 -0.0655845627402 0.246336915125 0.103133899902 0.260718895235 -0.108804293991
0.322105660863 -0.209158388158 -0.180627775282 0.127824117714 0.172676775632 0.0835941823176 0.301528353661 -0.163987092107 0.210420907541 -0.255890134711 -0.194881860435 -0.306051291855 -0.248328741567 0.0777564549969 -0.148957790602 0.300564682463 -0.0758457977948 -0.056834108204 -0.273130567429 -0.088851138161 -0.107469612216 0.149157024463 -0.0210766970245 -0.0144277437901 0.0262192430077 0.123481362467 0.172744099411 0.23955480221
0.0994930184349 0.237192582265 0.00302163758116 0.256823204418 0.267635569842 0.275969940907 0.229016569452 -0.0982968397045 0.165879659942 -0.163344976539 0.109510427738 0.101952864529 0.0635691478588 -0.0725252243325 -0.252780502281 -0.0766876019992 -0.0982179447117 -0.0418470389228 -0.00588202487687 0.0942989171957 -0.0527826859923 -0.274365547911 -0.148338796941 -0.30494997092 -0.0291881903172 -0.15629139883 0.0566162828373 0.191748162711
0.0016942088147 0.00346307897074 0.0122159205743 -0.0115761112506 0.00158124185701 -0.00556785889303 -0.00341444814273 0.0321616029244 -0.033532081873 -0.0455931089116 0.0194223047916 -0.0328737263716 0.0252268447041 0.00112799166503 -0.0117734863019 0.015966560183 0.00544708240472 -0.00278750785967 -0.00349602046701 -0.00871325242661 -0.00695475194312 0.0060174798447 0.0418506116929 -0.00284768734809 -0.0292402483105 -0.0160186117243 0.0329217088847 0.0220027495891
28
-0.37352286502 -0.336785418567 -0.0451184744642 0.238003679665 -0.27606201122 -0.189062514487 -0.19757065828 -0.324205412334 0.00171964379956 -0.245447937946 -0.295450271299 -0.282620263459 0.259008105658 0.146817229672 0.253861919826 -0.230964960174 0.284808481298 -0.276828458243 0.0923773220862
-0.0962135316717 -0.308624863712 -0.230211417566 -0.0605002487646 -0.214882877061 0.29234873472 -0.354556106733 -0.0731229065553 -0.312239303723 0.300915673015 -0.12409386849 -0.395092749668 0.257907652021 0.17485687628 0.380334832571 -0.273247721137 0.281734562211 0.085227450812 -0.325350672135
0.582273358805 0.108161757428 -0.230052499603 -0.121371569849 0.129091560411 -0.0545841216324 -0.211590556685 0.258520378399 -0.257176933476 -0.042699032545 -0.40149560912 0.328596743304 0.269115203023 -0.352984876763 -0.0358341901776 -0.426591291216 0.0494146446018 0.175392957546 0.24726454404
-0.434433726403 -0.25610405889 0.425246493668 0.162304346991 0.160489162629 0.0561628943069 0.244240974928 0.267778134188 0.264984493008 -0.0544521183723 -0.155331017361 0.16733761721 0.234296344631 -0.175454024428 -0.241090864508 -0.191748397196 0.143466521382 0.121359265611 -0.0379393312154
0.205355546131 0.318638371688 0.0924685988113 0.312545157069 0.221838381652 0.172870802011 -0.258043000202 0.345353415112 -0.0274276659702 0.0722202101743 0.161284021177 0.240067311054 0.238015750524 0.309023894358 0.254257481492 -0.286329543013 -0.139602652514 0.0155970210848 -0.124501952167
0.322341281391 0.365672712923 0.371035838013 0.194670442283 -0.00693247908392 0.0239683236219 -0.231843051909 0.183895321416 -0.185264162835 0.0351006341232 0.0867044805295 0.191156134893 -0.395256079586 0.312170864578 -0.0921509113797 -0.0287751680133 0.209047058066 0.186467289969 0.114675107488
0.103262860426 0.296291771846 0.207669150043 0.15320466513 0.195785549471 -0.333454121936 -0.199687955322 -0.169330425554 0.237393709436 -0.398190546033 0.0314445673023 0.264369772092 0.0344177900979 -0.156574457021 0.164750720662 -0.238411690929 0.366457474198 -0.30846276026 -0.162477344189
-0.0856499468491 0.00100122461103 -0.216421346007 -0.164068845911 0.00662614934383 0.342835551696 -0.349569469189 0.246520176022 -0.0963905994498 -0.34633258771 -0.216912629504 0.137640744318 0.0350088410888 0.333422157186 0.522966843245 0.348793795022 0.514654384383 0.103096710525 -0.110942094688
0.0683794505523 -0.294952760923 -0.267298946883 -0.330939412825 -0.15110901491 -0.26693913074 0.0739092255256 -0.0605404401861 0.256827224639 -0.00536578953898 -0.277112763548 -0.365896522709 0.350555269885 -0.195711412783 -0.138190184126 -0.251559176243 0.102437204059 0.12800859801 0.336476794688
-0.261606348622 0.365049623635 0.102649296499 0.338571426477 -0.392517852992 0.0238309210368 0.00362426141785 0.112531551712 -0.164772546868 -0.380597479157 -0.340461358875 -0.26907346775 0.382444520427 -0.348376597861 -0.0734995864982 -0.0629271821837 0.149016745502 0.155264016587 0.450789796932
0.300654319238 -0.341995933472 0.348070755782 -0.125231913336 -0.190224982536 0.35032372959 0.156459694269 0.0561895726485 0.112195870334 0.272624664755 -0.237054213982 0.205458953699 -0.147005028274 -0.259391257087 0.113436192492 0.452191100939 0.276643713737 -0.383435856896 -0.184968966255
-0.187199553695 0.385873010963 -0.193899501128 -0.318519715586 -0.154690573968 0.16276684028 0.359050897123 0.0182831572136 0.328589278595 -0.382306617661 0.211437392262 0.182712338911 0.264641956394 -0.323874801651 -0.193859646594 -0.113118846888 -0.226894337074 -0.0709140338474 -0.226335708297
-0.27316808776 0.0593125855383 -0.216276053992 -0.174303851524 0.0131811359852 -0.256499749766 -0.139875009527 0.0116983665248 -0.297300761415 0.0984298521795 -0.311974787539 -0.140673139216 -0.0160612114751 0.240681681477 -0.293243904697 -0.0168181030302 -0.205424360929 0.129233139071 -0.489435236793
0.0491388998694 -0.0257230163556 0.14883575083 0.277509819481 -0.259801248787 -0.34539731391 -0.0619460083028 -0.152616741836 0.32864721649 -0.000445776169585 0.0623267043848 -0.245897224875 0.0162104687429 -0.114328772002 0.247916485186 -0.27752942638 -0.209970838843 0.338322768216 -0.143085890757
0.0058775430948 0.131089810093 -0.0451210458991 -0.213375172457 0.261353402366 -0.128889267681 -0.0941310714525 0.4458057057 -0.0824664665531 -0.154898473193 0.0527137822192 -0.250787215961 -0.00121225613316 0.312370215118 -0.360084689817 -0.0602110115209 0.0564024220122 0.0200525256239 -0.345006037612
-0.132081226134 0.182454943752 0.197276897255 0.0541803385936 -0.117001270429 0.0379732099689 -0.0148276360414 -0.349552707412 -0.152055180909 -0.207940072979 0.327427940579 0.192502295605 0.0992712422965 0.295312778663 -0.400048848975 -0.188615599134 -0.205862051116 0.396608566186 0.337202514229
-0.367559018253 0.271573045915 0.278360414572 0.0154348906439 0.223026740981 0.294176452924 -0.175920996044 -0.0565831267016 0.156844797482 -0.231625852553 0.362940009183 -0.280419718747 0.084428200743 -0.0793733265751 -0.220390414573 0.0408282848739 0.294064421209 0.507736231786 -0.0771245381986
-0.213039547754 0.220223243862 -0.180799021628 -0.0233225529197 -0.273189940655 -0.184882053646 0.0220901096838 -0.284175466194 -0.173067072566 -0.426795191729 -0.477919119774 0.187862626827 -0.0604862226944 0.344863206801 0.0226110172372 0.236455712073 0.173224491221 -0.0555485967854 -0.159608255169
0.200124204495 0.401144386312 -0.0884982939092 -0.359552835579 -0.345599361786 -0.0283974028145 -0.183892148248 0.0835899960169 0.277069159152 0.188312338569 -0.211776655522 -0.159334658875 0.421950903497 -0.26983471537 -0.291999895209 -0.0663360522058 0.125734131184 0.193404284534 0.312532577081
-0.32781775651 -0.143171832141 -0.292688001812 0.0468990114877 -0.0899733178286 -0.118410341107 -0.3903657756 0.154421566043 0.138325124993 -0.162610781357 -0.297017661995 0.456881169848 0.268742175207 -0.147036519927 -0.0559908413134 0.471469833838 -0.0793387262241 0.177098298579 0.340037876506
0.0801796370154 -0.338506582543 0.369515503895 0.00669874937189 0.308117145386 -0.208208786519 -0.402861335797 0.137451995756 -0.0751077955617 -0.136487275002 0.0929304917805 -0.0456808154831 -0.364620696932 -0.168443710786 -0.347496668355 0.0729957592207 0.120388660513 0.229132051419 0.103720598369
0.131808899873 -0.285688815391 0.134255478641 -0.335729886966 0.0582206136043 -0.302085824276 -0.333498413051 0.0516062092429 -0.0416944679816 0.196902580807 -0.53989660285 -0.257666053462 0.259122909479 -0.101844622629 -0.236107603938 -0.00261691704294 -0.404810881216 0.247143271271 0.25265154509
-0.230535869926 -0.146125249374 0.0329315438391 0.242094080927 0.14494866928 0.0255253436311 0.340453253372 0.109352115204 -0.29676134211 0.0780194451091 -0.209274978911 0.0953429681074 0.0490878830795 0.329331153963 0.14433717802 -0.0740563553127 -0.176904150084 0.251969720261 -0.124124198721
0.142860339005 0.277225787573 0.040472748101 -0.38607717534 0.0934275545232 -0.0166383963379 0.158268620437 -0.0944262572372 -0.293951750253 -0.103031744453 -0.148636958397 -0.164641297802 0.168392491364 0.0736533056015 0.168238607867 0.0518315618696 0.118857856533 0.0859491132776 -0.309328050066
-0.111287519376 -0.0430663890379 0.0896321175372 -0.0769149550059 -0.208991632537 0.294416479296 0.00874870939101 0.232203803264 0.333049161497 -0.42877319467 0.135951400208 0.2291977995 0.326263021256 -0.289985256334 0.00295218408993 -0.289960074541 -0.114975676954 0.0173382563611 -0.029817324283
0.111893092884 -0.150026132524 -0.330261293909 -0.155782682579 0.077389057642 -0.0978423644605 -0.312903363331 0.0616868954591 0.203439157363 0.147450931384 -0.0302616306654 -0.325191998989 0.284340053832 0.117032901858 -0.253418149514 0.033982348275 0.322430416796 -0.376989883957 0.352215265208
-0.0571348073628 -0.287403406148 0.360221782757 0.453401149131 0.085810095414 0.13778828534 -0.00862342755322 0.00293383259568 0.0814816139266 0.211549309089 -0.229395305214 -0.389798174849 0.0947320676081 -0.0381668638994 -0.0348127110189 -0.299075341399 -0.356169447786 -0.301853896091 -0.325885745598
0.278289808717 -0.0254110747972 0.184489924447 0.131480034102 0.14284213943 -0.0539364114907 0.259590285343 -0.191896532686 0.318606387091 -0.248391673542 0.0468820672378 0.389194686422 -0.316707717367 0.228907122958 0.364210200999 -0.391139151108 -0.323956926967 0.0414497789947 -0.00539384171327
0.0168772814492 -0.0126706807963 0.0583052394345 -0.00570388715135 0.0346266259899 -0.0120841276792 0.0157136458771 0.064151140599 -0.0621904224792 0.0991197289151 -1.2238832439e-05 0.0409835821313 -0.0515370664681 0.0424978219182 0.0153123011181 -0.00621480222114 -0.00469363502625 0.00979011777701 -0.100408335881
19
0.370286732397 -0.0546181391064 -0.71655708719 -0.380796725053 0.35336569503 -0.0233783356223 -0.420506536745 0.42121484215 0.452183711572 -0.622794385034
0.724502510348 -0.182951025602 -0.175178490897 0.0582103189948 -0.0331080878128 0.812864693051 -0.301197232628 0.313528607734 0.35528654072 0.141708686231
0.224149410158 -0.181350796315 -0.10242593134 -0.0125329594453 -0.806952575721 -0.605343044316 -0.622438004731 0.092887900406 -0.528077545191 0.357789086736
0.0264167053663 -0.213451440603 0.178640547214 0.179418474809 -0.472591473884 -0.463977682426 -0.03732726393 0.34385232114 0.371139691504 0.0827088669996
-0.550947716358 -0.330968814054 -0.502095308965 0.150749758492 -0.206534238725 -0.00167263409984 -0.384931416223 -0.125192585765 -0.226301485953 -0.117033225043
-0.0660826501932 0.0824648461585 0.0601082005191 -0.45377352239 -0.799387210091 0.00342087263542 0.121174452605 -0.506913368385 0.180963105678 -0.0233496547236
0.463365691947 -0.715202776202 0.505722566239 -0.0563729184633 -0.0273189285323 -0.126795491997 0.0225424018355 0.0814855919175 0.06571182322 -0.5066317599
-0.399086687121 0.310454992758 -0.770458513548 -0.626800377998 -0.461867572039 -0.039061343794 -0.222091785592 -0.255463234856 -0.0709005269693 0.189450690915
0.284881166397 0.278940883951 0.191854187819 0.149847960768 0.155913839193 0.172117748383 0.261770120466 0.521011566726 0.0783320419499 0.551647764386
0.232214475104 -0.273650979107 -0.415823626929 -0.031349037191 -0.1074960925 -0.523375710597 -0.42558183317 -0.68905051082 -0.233059157646 -0.312020012263
0.401307297131 -0.381300512226 0.369285473004 0.206884795294 -0.664542026903 0.175448744034 0.103465244408 -0.554280656173 0.535447498171 -0.106951585333
0.719318406393 -0.729443340864 0.198800127844 -0.335563520599 -0.316197068373 0.49281464194 -0.476397219949 0.52464174015 -0.496732961234 0.0330411707068
0.626753466712 0.700680112647 0.225113650032 0.613327113086 -0.138160947647 0.285333216007 0.298149911749 -0.0923429034296 0.540690808831 0.139746574676
-0.632072101154 -0.270493003555 0.069088824638 -0.618382219458 -0.372905106798 -0.615458552919 -0.635679490882 -0.363401320995 0.0469174208634 -0.584301268113
-0.622405189958 -0.0517416942382 0.410138097354 -0.609558550674 0.0686608660229 0.325215656813 0.263577558254 0.500182212237 -0.0937461095977 -0.650074490945
-0.0826097941622 -0.0348714435761 0.152431479296 -0.647006982808 0.203289866981 0.433237645994 0.622924432311 -0.641254687949 -0.443576090118 0.712529679197
-0.483239400057 0.341994440826 0.149245444863 -0.385348470199 -0.2196392357 0.498395577399 0.65520815343 0.16276525755 -0.321437979917 0.0133046483159
-0.249802478945 0.174181427554 0.0491352072529 0.53554674127 -0.0627788595275 0.317190012557 -0.739321901403 -0.36591693692 0.0712255581999 0.619096007171
0.181868398103 0.369569251597 0.592647796706 0.594662639827 0.549828995651 0.0997634131542 -0.0595737506792 0.574772348294 0.731530975302 0.397074051337
-0.140805796046 -0.166663179456 -0.169127623513 -0.144255904459 -0.162610865225 -0.161098292436 -0.223296379996 -0.13981967574 -0.221352047299 -0.190748945191
10
